
hitLocation,-25.91461, 100.727852,1
hitLocation,14.582966, 122.83271,1
hitLocation,27.805012, 129.595108,1
hitLocation,11.916388, 154.923157,1
hitLocation,-1.638779, 134.959961,1
hitLocation,19.491024, 151.464447,1
hitLocation,12.535534, 126.178581,1
hitLocation,12.695637, 97.15863,1
hitLocation,0.927596, 133.880661,1
hitLocation,3.073112, 147.642319,1
hitLocation,-25.453634, 151.978668,1
hitLocation,35.003975, 104.480438,1
hitLocation,26.988167, 80.764549,1
hitLocation,19.553383, 64.059471,1
hitLocation,-6.990882, 75.753975,1
hitLocation,8.3927, 92.269028,1
hitLocation,-48.635155, 152.133286,1
hitLocation,-17.099064, 160.89357,1
hitLocation,-15.406967, 47.003948,1
hitLocation,19.141262, 63.713501,1
XRay,-1788.637573, 4839.922363,1
hitLocation,-2.092869, 156.8479,1
hitLocation,-12.670022, 163.224365,1
hitLocation,-13.642101, 154.653992,1
Crouch,-2574.353271, 5414.008301,1
hitLocation,-30.24387, 118.806862,1
Crouch,-3796.948242, 6047.088379,1
Crouch,-3518.919922, 6044.917969,1
Crouch,-3227.233887, 5965.54541,1
hitLocation,-12.518282, 137.078857,1
hitLocation,5.145611, 151.931274,1
hitLocation,-28.385826, 150.113647,1
hitLocation,4.851887, 106.578232,1
hitLocation,-19.230309, 147.796463,1
hitLocation,-6.681499, 154.363327,1
hitLocation,-12.972338, 146.375702,1
hitLocation,11.11764, 107.448715,1
hitLocation,3.039834, 102.641876,1
hitLocation,-12.775459, 124.428947,1
hitLocation,15.331828, 118.556931,1
hitLocation,1.106851, 114.079224,1
hitLocation,14.031617, 151.270752,1
hitLocation,18.069159, 97.480858,1
hitLocation,-25.555681, 123.487473,1
hitLocation,18.094137, 125.836617,1
hitLocation,-29.094742, 134.720856,1
hitLocation,-7.180236, 131.599091,1
hitLocation,14.765823, 139.035522,1
hitLocation,0.291174, 116.522247,1
hitLocation,22.25782, 166.364349,1
hitLocation,-7.997504, 150.754517,1
hitLocation,-18.76082, 161.078888,1
hitLocation,-20.118641, 152.476379,1
hitLocation,1.960073, 150.212738,1
hitLocation,-9.742242, 161.999252,1
hitLocation,-10.591772, 183.443115,1
hitLocation,-13.891987, 128.7323,1
hitLocation,-1.111161, 121.790283,1
hitLocation,-0.754477, 138.005585,1
hitLocation,39.894478, 147.585678,1
hitLocation,-24.669104, 137.603241,1
hitLocation,-34.873646, 142.061386,1
hitLocation,-12.349131, 109.157135,1
hitLocation,4.331182, 166.522339,1
hitLocation,-0.788453, 127.509689,1
hitLocation,3.11423, 144.901794,1
hitLocation,-21.738359, 141.147491,1
hitLocation,2.883501, 155.337067,1
hitLocation,4.387286, 144.834839,1
hitLocation,61.185631, 18.740959,1
hitLocation,-19.364361, 155.550232,1
hitLocation,-65.127373, 138.191284,1
Crouch,-3875.045166, -905.54126,1
Crouch,-3582.125488, -888.533813,1
Crouch,-3292.842529, -848.328125,1
Crouch,-3166.770996, -893.707153,1
Crouch,-3256.040527, -652.778992,1
hitLocation,-12.31628, 157.850677,1
hitLocation,-11.308093, 178.693634,1
hitLocation,-16.137615, 163.021118,1
hitLocation,-18.694317, 164.358002,1
Crouch,-3013.910645, -480.115997,1
hitLocation,-30.084047, 149.608612,1
Crouch,-2782.688232, -675.573486,1
hitLocation,28.332069, 181.691986,1
Crouch,-2508.640869, -812.428162,1
Crouch,-2221.994141, -915.50531,1
Crouch,-1980.213623, -761.80481,1
Crouch,-1986.540527, -534.492798,1
Crouch,-2229.112305, -489.929077,1
Crouch,-2436.605957, -654.844116,1
hitLocation,-3.753923, 96.762039,1
hitLocation,-0.070436, 198.213242,1
hitLocation,-7.184711, 179.845337,1
hitLocation,-25.394447, 149.7341,1
hitLocation,-11.934099, 163.618286,1
hitLocation,-73.968773, 123.252159,1
hitLocation,33.727425, 127.400871,1
hitLocation,3.334169, 140.934601,1
hitLocation,1.679048, 157.984161,1
hitLocation,8.003197, 122.152504,1
hitLocation,0.666421, 134.574829,1
hitLocation,2.555855, 125.551132,1
hitLocation,12.305367, 118.376411,1
hitLocation,24.964281, 133.994003,1
hitLocation,-6.889364, 122.232719,1
hitLocation,12.385428, 138.85376,1
hitLocation,-9.967212, 97.196274,1
hitLocation,-8.172688, 144.066299,1
hitLocation,98.303513, 30.958603,1
hitLocation,11.413624, -116.702446,1
hitLocation,-7.11056, 137.009369,1
hitLocation,-6.917861, 156.856659,1
hitLocation,-23.528385, 153.367188,1
hitLocation,-17.834909, 102.742004,1
hitLocation,-1.86574, 150.015503,1
hitLocation,8.725417, 152.546265,1
hitLocation,-7.581738, 160.234375,1
hitLocation,1.869308, 141.344711,1
hitLocation,9.040539, 180.2771,1
hitLocation,-9.089291, 150.01915,1
hitLocation,-11.05072, 140.173141,1
hitLocation,2.570292, 164.478882,1
hitLocation,-10.141294, 125.394981,1
hitLocation,-10.479271, 152.085938,1
hitLocation,16.043753, 95.706619,1
hitLocation,5.781897, 120.383751,1
hitLocation,-0.327295, 114.896858,1
hitLocation,23.224136, 108.428764,1
hitLocation,11.405048, 121.51622,1
hitLocation,21.558563, 142.495453,1
hitLocation,-13.353216, 109.515327,1
hitLocation,-6.982831, 94.273582,1
hitLocation,29.472647, 112.261505,1
hitLocation,-15.75419, 150.760895,1
hitLocation,-27.474821, 137.563477,1
hitLocation,-36.625462, 134.606445,1
hitLocation,-32.430779, 95.138489,1
hitLocation,-4.051109, 136.640076,1
hitLocation,-23.189575, 145.342102,1
hitLocation,-28.174797, 150.486877,1
hitLocation,1.661256, 92.926575,1
hitLocation,-10.556724, 166.751831,1
hitLocation,35.404846, 113.928833,1
hitLocation,3.767769, 140.109985,1
hitLocation,-14.492395, 147.169617,1
hitLocation,-15.114241, 138.230957,1
hitLocation,-4.016131, 96.647827,1
hitLocation,-6.572309, 145.440613,1
hitLocation,-85.415314, 45.928558,1
hitLocation,-15.253912, 177.193848,1
hitLocation,-21.901455, 143.275513,1
hitLocation,17.260065, 170.865662,1
hitLocation,6.338978, 167.563049,1
hitLocation,6.33491, 172.240051,1
hitLocation,13.306159, 182.509293,1
hitLocation,27.427849, 101.245941,1
hitLocation,8.971437, 128.027435,1
hitLocation,8.865786, 112.463631,1
hitLocation,4.063881, 125.544022,1